<?xml version="1.0"?>
<opencv_storage>
<calibration_time>"Thu 10 Jan 2019 03:47:24 PM -05"</calibration_time>
<nr_of_frames>10</nr_of_frames>
<image_width>640</image_width>
<image_height>360</image_height>
<board_width>6</board_width>
<board_height>8</board_height>
<square_size>16.</square_size>
<fix_aspect_ratio>1.</fix_aspect_ratio>
<!-- flags: +fix_aspectRatio +fix_principal_point +zero_tangent_dist -->
<flags>14</flags>
<fisheye_model>0</fisheye_model>
<camera_matrix type_id="opencv-matrix">
  <rows>3</rows>
  <cols>3</cols>
  <dt>d</dt>
  <data>
    4.9007722954780348e+02 0. 3.1758496324140617e+02 0.
    4.9015062830695683e+02 1.7642216642328003e+02 0. 0. 1.</data></camera_matrix>
<distortion_coefficients type_id="opencv-matrix">
  <rows>5</rows>
  <cols>1</cols>
  <dt>d</dt>
  <data>
    1.3352934964199908e-02 -5.1792421431732988e-02
    -5.3555284394213908e-03 -5.2884323156321923e-03
    -2.6755047966811548e-02</data></distortion_coefficients>
<avg_reprojection_error>2.3674392684125881e-01</avg_reprojection_error>
<per_view_reprojection_errors type_id="opencv-matrix">
  <rows>10</rows>
  <cols>1</cols>
  <dt>f</dt>
  <data>
    2.22714573e-01 2.28370056e-01 2.64730453e-01 1.90807566e-01
    2.38796860e-01 1.19486406e-01 2.93443501e-01 3.61722410e-01
    1.95526779e-01 1.60463735e-01</data></per_view_reprojection_errors>
<!-- a set of 6-tuples (rotation vector + translation vector) for each view -->
<extrinsic_parameters type_id="opencv-matrix">
  <rows>10</rows>
  <cols>6</cols>
  <dt>d</dt>
  <data>
    5.6846257788771476e-02 3.1921513567403670e-01
    -1.4272288474601400e+00 -1.6299139276009853e+02
    7.3796493810055672e+00 3.0772782704630373e+02
    -8.5145099942229172e-02 -6.6759514404515080e-02
    -1.5336976583832687e+00 -1.1688015856028356e+02
    5.3050795282422651e+00 2.7418019384909235e+02
    -4.2250896472307210e-02 1.7955180265349993e-01
    1.5768515079770591e+00 5.1328155222679491e+01
    -6.7524858233306645e+01 4.0046806573943985e+02
    4.4000764243428042e-01 2.6105246859280760e-02
    -1.1315711680129419e+00 -2.1734627841646304e+02
    -6.9142939858449083e+01 4.2683151452694199e+02
    6.0051290238621835e-01 -4.0088242538914315e-01
    1.2979337163283893e+00 2.1354223406673879e+02
    -7.7786352957852458e+01 3.7551178906822008e+02
    -7.8819443058059588e-02 -4.1065621656357199e-01
    1.1670184098327026e+00 -1.0639102343098800e+02
    -1.3908289399302402e+02 4.7395852472186124e+02
    1.4061453505106572e-01 -1.0152776008568110e-01
    1.2238421151681071e+00 1.3640952196618628e+02
    -1.2562843532126466e+02 3.7798701808736052e+02
    -1.4602217955919020e-01 6.3338094660331867e-01
    -1.3260067537943685e+00 -1.0160873711037463e+02
    -3.6171573914248448e+01 3.9593894844160093e+02
    1.0287476593145352e-01 -1.7156888177014362e-01
    1.4207713616764532e+00 -8.2561002306388701e+01
    -1.2091426674562237e+02 3.9970738653204728e+02
    4.8893988782663961e-01 3.0198606974165287e-01 1.5544684064503125e+00
    7.7140934955963530e+01 -2.2796842840494179e+01
    1.9599928486133012e+02</data></extrinsic_parameters>
<image_points type_id="opencv-matrix">
  <rows>10</rows>
  <cols>48</cols>
  <dt>"2f"</dt>
  <data>
    5.61331062e+01 1.87402374e+02 5.55315971e+01 1.62595856e+02
    5.49737968e+01 1.37161087e+02 5.41595497e+01 1.10974251e+02
    5.28093681e+01 8.42150879e+01 5.17967339e+01 5.64190292e+01
    7.93771286e+01 1.91481552e+02 7.87373962e+01 1.66586761e+02
    7.85508575e+01 1.40924255e+02 7.81909332e+01 1.14573990e+02
    7.73711166e+01 8.75007248e+01 7.65767975e+01 5.95630417e+01
    1.02839455e+02 1.95592026e+02 1.02865990e+02 1.70588013e+02
    1.02735802e+02 1.44767456e+02 1.02754196e+02 1.18285927e+02
    1.02530518e+02 9.09052963e+01 1.01932289e+02 6.28215141e+01
    1.26742828e+02 1.99836349e+02 1.27315605e+02 1.74535767e+02
    1.27583595e+02 1.48611557e+02 1.27715744e+02 1.22011253e+02
    1.27912872e+02 9.44298477e+01 1.27792664e+02 6.62171021e+01
    1.51183182e+02 2.04200790e+02 1.52125610e+02 1.78627335e+02
    1.52598740e+02 1.52561417e+02 1.53336197e+02 1.25734261e+02
    1.53769073e+02 9.80541763e+01 1.54295609e+02 6.95640411e+01
    1.76039551e+02 2.08419983e+02 1.77219177e+02 1.82816223e+02
    1.78206589e+02 1.56557983e+02 1.79255890e+02 1.29548767e+02
    1.80338272e+02 1.01650375e+02 1.81088531e+02 7.29716034e+01
    2.01204819e+02 2.12772873e+02 2.02726913e+02 1.87095856e+02
    2.04161560e+02 1.60624542e+02 2.05611496e+02 1.33446899e+02
    2.06973755e+02 1.05359467e+02 2.08249313e+02 7.64984894e+01
    2.26711441e+02 2.17325470e+02 2.28651566e+02 1.91298874e+02
    2.30487534e+02 1.64659698e+02 2.32388687e+02 1.37400970e+02
    2.34216064e+02 1.09094139e+02 2.35884842e+02 8.00613327e+01
    1.07085716e+02 1.85436539e+02 1.09532890e+02 1.57021866e+02
    1.11849007e+02 1.28907166e+02 1.13806313e+02 1.01020691e+02
    1.15504921e+02 7.32099609e+01 1.17234062e+02 4.54783287e+01
    1.35691299e+02 1.86513306e+02 1.37764343e+02 1.58094025e+02
    1.40015884e+02 1.29902267e+02 1.41977264e+02 1.02117729e+02
    1.43561829e+02 7.42700043e+01 1.45168259e+02 4.64926949e+01
    1.64469604e+02 1.87584167e+02 1.66502594e+02 1.59184158e+02
    1.68400406e+02 1.30981598e+02 1.70246368e+02 1.03106232e+02
    1.71769806e+02 7.53643188e+01 1.73219482e+02 4.76067467e+01
    1.93258209e+02 1.88655563e+02 1.95177353e+02 1.60267502e+02
    1.96828888e+02 1.32103607e+02 1.98415298e+02 1.04231323e+02
    1.99929886e+02 7.64217834e+01 2.01330170e+02 4.87286720e+01
    2.22111557e+02 1.89735611e+02 2.23800354e+02 1.61330475e+02
    2.25335281e+02 1.33145065e+02 2.26732864e+02 1.05273613e+02
    2.28184341e+02 7.74891052e+01 2.29457870e+02 4.98070679e+01
    2.51100220e+02 1.90718842e+02 2.52491974e+02 1.62341827e+02
    2.53825928e+02 1.34124619e+02 2.55197647e+02 1.06319252e+02
    2.56482635e+02 7.85402222e+01 2.57563416e+02 5.08901100e+01
    2.79970978e+02 1.91857513e+02 2.81260010e+02 1.63370087e+02
    2.82399506e+02 1.35180115e+02 2.83547974e+02 1.07348251e+02
    2.84625549e+02 7.95773010e+01 2.85744019e+02 5.19443703e+01
    3.09068512e+02 1.92887100e+02 3.10027557e+02 1.64379135e+02
    3.11026794e+02 1.36155624e+02 3.12046234e+02 1.08336998e+02
    3.12961761e+02 8.05618134e+01 3.13955658e+02 5.30598297e+01
    3.80197632e+02 9.38581696e+01 3.80157715e+02 1.12760147e+02
    3.80162170e+02 1.31934723e+02 3.80209320e+02 1.51298325e+02
    3.80241058e+02 1.70903885e+02 3.80404510e+02 1.90701401e+02
    3.60707520e+02 9.39366608e+01 3.60511108e+02 1.12862991e+02
    3.60404266e+02 1.32041458e+02 3.60334595e+02 1.51385132e+02
    3.60323303e+02 1.70933792e+02 3.60308990e+02 1.90737381e+02
    3.41335968e+02 9.40923004e+01 3.41097290e+02 1.12991302e+02
    3.40727478e+02 1.32191055e+02 3.40589569e+02 1.51410217e+02
    3.40420044e+02 1.71060257e+02 3.40402069e+02 1.90772156e+02
    3.22069336e+02 9.41566238e+01 3.21578217e+02 1.13037315e+02
    3.21259766e+02 1.32184464e+02 3.20865234e+02 1.51483185e+02
    3.20626801e+02 1.71104721e+02 3.20426971e+02 1.90770630e+02
    3.02738037e+02 9.42492371e+01 3.02293457e+02 1.13118256e+02
    3.01734314e+02 1.32253174e+02 3.01365906e+02 1.51544510e+02
    3.00893280e+02 1.71133942e+02 3.00561401e+02 1.90825958e+02
    2.83634094e+02 9.42850723e+01 2.83058289e+02 1.13186691e+02
    2.82452972e+02 1.32257614e+02 2.81822784e+02 1.51522217e+02
    2.81379517e+02 1.71129807e+02 2.80827423e+02 1.90827469e+02
    2.64519287e+02 9.43253174e+01 2.63786957e+02 1.13225677e+02
    2.63165253e+02 1.32372604e+02 2.62446655e+02 1.51599365e+02
    2.61726837e+02 1.71132980e+02 2.61242859e+02 1.90859390e+02
    2.45575439e+02 9.43888550e+01 2.44681580e+02 1.13254318e+02
    2.43948364e+02 1.32384338e+02 2.43230270e+02 1.51643616e+02
    2.42370789e+02 1.71124390e+02 2.41598175e+02 1.90873932e+02
    6.58632126e+01 9.57625198e+01 7.15747986e+01 7.88220825e+01
    7.74741669e+01 6.14627800e+01 8.35054703e+01 4.39025459e+01
    8.96487503e+01 2.60154743e+01 9.64435196e+01 7.74333668e+00
