<?xml version="1.0"?>
<opencv_storage>
<calibration_time>"Thu 10 Jan 2019 04:55:48 PM -05"</calibration_time>
<nr_of_frames>10</nr_of_frames>
<image_width>640</image_width>
<image_height>360</image_height>
<board_width>8</board_width>
<board_height>6</board_height>
<square_size>25.</square_size>
<fix_aspect_ratio>1.</fix_aspect_ratio>
<!-- flags: +fix_aspectRatio +fix_principal_point +zero_tangent_dist -->
<flags>14</flags>
<fisheye_model>0</fisheye_model>
<camera_matrix type_id="opencv-matrix">
  <rows>3</rows>
  <cols>3</cols>
  <dt>d</dt>
  <data>
    5.2082120423594006e+02 0. 3.5474747831486087e+02 0.
    5.2135122156038756e+02 1.8405080709760696e+02 0. 0. 1.</data></camera_matrix>
<distortion_coefficients type_id="opencv-matrix">
  <rows>5</rows>
  <cols>1</cols>
  <dt>d</dt>
  <data>
    9.6023529893280224e-02 -2.8077311531094618e-01
    7.0973363403858628e-03 1.9996575480444600e-02 2.7304478379272190e-01</data></distortion_coefficients>
<avg_reprojection_error>4.3231470747419926e-01</avg_reprojection_error>
<per_view_reprojection_errors type_id="opencv-matrix">
  <rows>10</rows>
  <cols>1</cols>
  <dt>f</dt>
  <data>
    3.37315619e-01 7.03073502e-01 3.77198815e-01 6.20798588e-01
    4.00575578e-01 3.96079868e-01 2.34294787e-01 2.47743011e-01
    4.02196884e-01 3.71245235e-01</data></per_view_reprojection_errors>
<!-- a set of 6-tuples (rotation vector + translation vector) for each view -->
<extrinsic_parameters type_id="opencv-matrix">
  <rows>10</rows>
  <cols>6</cols>
  <dt>d</dt>
  <data>
    4.9646514610416338e-02 -3.0926710065363672e-01
    -1.2560480727003229e-01 -1.4195381007675675e+02
    -9.2774827903058437e+01 4.0568526167736991e+02
    -1.2823870669669998e-01 1.0654276830715133e-01
    2.2083034413400068e-01 -1.2378365150405625e+02
    -8.1782241118935090e+01 3.9592904008848251e+02
    -2.7737111562741279e-01 -5.5335400034113358e-01
    -3.3835350669220438e-01 -1.3557858671395394e+02
    -2.9415310305665631e+01 3.5438998532976080e+02
    -2.3851014699483952e-01 2.8828879799196711e-01
    2.7180170029273962e-02 -3.4592229592197150e+01
    -3.1260677162456510e+01 4.3185270812836848e+02
    9.5768846698854479e-02 -2.7126207491291066e-01
    -1.1321324774773123e-01 -2.7456265521616572e+01
    -6.3019588095546162e+01 4.1257389452052865e+02
    -1.2341104063384313e-01 2.5333194216157356e-01
    1.3929037449487983e-01 -9.8053678810235127e+01
    -1.3112846409754090e+02 5.2102623210173908e+02
    2.4872894581121303e-02 -1.6613852360251014e-01
    -4.1342912776005408e-01 -2.3678439317720554e+02
    -7.2294175117627390e+01 4.6335191884130660e+02
    3.8924426637647155e-02 -3.2530758449206117e-02
    1.3809874600514838e-01 -2.8874602465013652e+02
    -1.1330492019883953e+02 4.6145422356729165e+02
    -3.4910132622646173e-01 -3.0747662720336760e-01
    -2.2369463018638983e-01 -2.6305678076355230e+02
    -5.5493588860803307e+01 4.2312599554054111e+02
    -2.2603689958660778e-01 -3.2409272761361091e-01
    -9.1247630200727209e-02 -2.7648694640850925e+02
    -6.5950106116277595e+01 4.2320342639473159e+02</data></extrinsic_parameters>
<image_points type_id="opencv-matrix">
  <rows>10</rows>
  <cols>48</cols>
  <dt>"2f"</dt>
  <data>
    1.75399460e+02 6.56810913e+01 2.07642014e+02 6.36498566e+01
    2.39130753e+02 6.17227516e+01 2.69480469e+02 5.98430061e+01
    2.98999023e+02 5.80208855e+01 3.27629059e+02 5.62384529e+01
    3.55527649e+02 5.43764877e+01 3.82514648e+02 5.26048622e+01
    1.79515442e+02 9.79877853e+01 2.11538132e+02 9.53616028e+01
    2.42649246e+02 9.27882080e+01 2.72758881e+02 9.04124069e+01
    3.02177429e+02 8.80330582e+01 3.30541229e+02 8.56529922e+01
    3.58272247e+02 8.34135437e+01 3.85158203e+02 8.11729813e+01
    1.83750732e+02 1.29768845e+02 2.15499557e+02 1.26628929e+02
    2.46480988e+02 1.23561333e+02 2.76357086e+02 1.20601532e+02
    3.05451202e+02 1.17687340e+02 3.33640472e+02 1.14883469e+02
    3.61315247e+02 1.12199066e+02 3.88037201e+02 1.09473251e+02
    1.88090790e+02 1.61175339e+02 2.19632553e+02 1.57460846e+02
    2.50346344e+02 1.53905655e+02 2.79998016e+02 1.50429871e+02
    3.08934296e+02 1.47045868e+02 3.37076965e+02 1.43694443e+02
    3.64424072e+02 1.40531036e+02 3.91119751e+02 1.37450394e+02
    1.92488449e+02 1.92322083e+02 2.23768021e+02 1.88161362e+02
    2.54340515e+02 1.83985153e+02 2.83733429e+02 1.80027847e+02
    3.12515076e+02 1.76204254e+02 3.40437653e+02 1.72454849e+02
    3.67689606e+02 1.68748627e+02 3.94123199e+02 1.65275681e+02
    1.96917999e+02 2.23130478e+02 2.28120697e+02 2.18361252e+02
    2.58341644e+02 2.13758652e+02 2.87730743e+02 2.09380219e+02
    3.16346588e+02 2.05037399e+02 3.44190002e+02 2.00819824e+02
    3.71138947e+02 1.96785660e+02 3.97660645e+02 1.92853683e+02
    1.94243622e+02 7.72781677e+01 2.24817444e+02 8.31748276e+01
    2.55987381e+02 8.92186279e+01 2.87449066e+02 9.54026642e+01
    3.19486328e+02 1.01628082e+02 3.51910553e+02 1.07939484e+02
    3.84854401e+02 1.14345589e+02 4.18298706e+02 1.20968498e+02
    1.85526459e+02 1.08436180e+02 2.16360245e+02 1.14645020e+02
    2.47765198e+02 1.21064590e+02 2.79454071e+02 1.27493042e+02
    3.11566010e+02 1.34043060e+02 3.44309601e+02 1.40789017e+02
    3.77321991e+02 1.47591919e+02 4.11014801e+02 1.54479004e+02
    1.76890427e+02 1.40260345e+02 2.07775772e+02 1.46799011e+02
    2.39294159e+02 1.53482803e+02 2.71005585e+02 1.60356186e+02
    3.03420776e+02 1.67283905e+02 3.36222656e+02 1.74321808e+02
    3.69638031e+02 1.81483032e+02 4.03508331e+02 1.88787323e+02
    1.67938660e+02 1.72537766e+02 1.98991745e+02 1.79375046e+02
    2.30447189e+02 1.86443634e+02 2.62569305e+02 1.93593826e+02
    2.95067413e+02 2.00848679e+02 3.28132111e+02 2.08269867e+02
    3.61565338e+02 2.15842300e+02 3.95752869e+02 2.23576630e+02
    1.58695786e+02 2.05305756e+02 1.89764252e+02 2.12522766e+02
    2.21773666e+02 2.19935181e+02 2.53934509e+02 2.27434586e+02
    2.86681000e+02 2.35063980e+02 3.19685944e+02 2.42874649e+02
    3.53426727e+02 2.50843140e+02 3.87566315e+02 2.58828033e+02
    1.49497391e+02 2.38485840e+02 1.80984192e+02 2.46051147e+02
    2.12732864e+02 2.53811371e+02 2.45083435e+02 2.61644012e+02
    2.77812988e+02 2.69636047e+02 3.11270416e+02 2.77793671e+02
    3.44872864e+02 2.86196411e+02 3.79240448e+02 2.94670380e+02
    1.58719421e+02 1.41294830e+02 1.93285767e+02 1.34456696e+02
    2.25646286e+02 1.28186325e+02 2.55802628e+02 1.22371033e+02
    2.84147827e+02 1.16807564e+02 3.10828796e+02 1.11621719e+02
    3.36096497e+02 1.06658867e+02 3.59780212e+02 1.02235031e+02
    1.70364563e+02 1.74296570e+02 2.04773331e+02 1.66281296e+02
    2.37086090e+02 1.58721359e+02 2.67159149e+02 1.51669861e+02
    2.95569550e+02 1.45118591e+02 3.22121490e+02 1.38923691e+02
    3.47346008e+02 1.33086548e+02 3.71023102e+02 1.27623116e+02
    1.82154343e+02 2.08367279e+02 2.16608841e+02 1.98886551e+02
    2.48944458e+02 1.90049698e+02 2.79024323e+02 1.81861084e+02
    3.07428986e+02 1.74194916e+02 3.33957581e+02 1.67012878e+02
    3.59081085e+02 1.60194977e+02 3.82727020e+02 1.53722305e+02
    1.94434631e+02 2.43185867e+02 2.28991989e+02 2.32281235e+02
    2.61218323e+02 2.22045044e+02 2.91141998e+02 2.12665497e+02
    3.19409790e+02 2.03843414e+02 3.46011810e+02 1.95551239e+02
    3.71000092e+02 1.87791031e+02 3.94658264e+02 1.80471878e+02
    2.07196213e+02 2.78855957e+02 2.41518356e+02 2.66522614e+02
    2.73737976e+02 2.55064713e+02 3.03473328e+02 2.44439087e+02
    3.31658478e+02 2.34439941e+02 3.58181213e+02 2.25104248e+02
    3.83191925e+02 2.16289703e+02 4.06557892e+02 2.08027039e+02
    2.20117035e+02 3.15505890e+02 2.54388702e+02 3.01609283e+02
    2.86309784e+02 2.88756287e+02 3.16313232e+02 2.76766602e+02
    3.44332703e+02 2.65567657e+02 3.70720123e+02 2.55109161e+02
    3.95427521e+02 2.45376648e+02 4.19042023e+02 2.36118546e+02
    3.12592438e+02 1.46961502e+02 3.41174377e+02 1.45902649e+02
    3.70896729e+02 1.44868134e+02 4.01819916e+02 1.43779175e+02
    4.34235657e+02 1.42637634e+02 4.67934601e+02 1.41367966e+02
