<?xml version="1.0"?>
<opencv_storage>
<calibration_time>"Thu 10 Jan 2019 04:42:51 PM -05"</calibration_time>
<nr_of_frames>10</nr_of_frames>
<image_width>640</image_width>
<image_height>480</image_height>
<board_width>4</board_width>
<board_height>11</board_height>
<square_size>25.</square_size>
<fix_aspect_ratio>1.</fix_aspect_ratio>
<!-- flags: +fix_aspectRatio +fix_principal_point +zero_tangent_dist -->
<flags>14</flags>
<fisheye_model>0</fisheye_model>
<camera_matrix type_id="opencv-matrix">
  <rows>3</rows>
  <cols>3</cols>
  <dt>d</dt>
  <data>
    7.2008248053657223e+02 0. 3.1653340379655032e+02 0.
    7.1917367352337476e+02 2.5417371056242001e+02 0. 0. 1.</data></camera_matrix>
<distortion_coefficients type_id="opencv-matrix">
  <rows>5</rows>
  <cols>1</cols>
  <dt>d</dt>
  <data>
    -4.2746926527897811e-01 -3.6302044862452892e-02
    -8.2655063719754684e-03 -5.5141029557012329e-04
    7.2252547485730056e-01</data></distortion_coefficients>
<avg_reprojection_error>4.2940614223239232e-01</avg_reprojection_error>
<per_view_reprojection_errors type_id="opencv-matrix">
  <rows>10</rows>
  <cols>1</cols>
  <dt>f</dt>
  <data>
    3.05054665e-01 2.50861704e-01 3.74446124e-01 2.82905817e-01
    3.54118466e-01 6.65918946e-01 3.97234380e-01 4.73096460e-01
    5.73080361e-01 4.34484005e-01</data></per_view_reprojection_errors>
<!-- a set of 6-tuples (rotation vector + translation vector) for each view -->
<extrinsic_parameters type_id="opencv-matrix">
  <rows>10</rows>
  <cols>6</cols>
  <dt>d</dt>
  <data>
    6.0999370592292095e-02 -6.1470375456385992e-02
    1.5318244040471076e+00 2.1807340748483088e+02
    -1.9632141756877436e+02 1.0689884462426276e+03
    3.5875793989661664e-01 -2.1370851848401487e-01
    1.6901914892153467e+00 2.6238056097254554e+02
    -1.1900796230221948e+02 1.0057728065842570e+03
    -1.0359951419607875e-01 -5.1066922977913520e-01
    1.2816132557368922e+00 1.0955747311210742e+02
    -2.0042587466945500e+02 8.9481949727183087e+02
    -1.4394370483385296e-01 1.8264516011010440e-01
    1.3976995762049742e+00 5.3266471337035526e+01
    -2.1215387632953613e+02 8.4470775812457441e+02
    5.9137619604785352e-01 -4.1225889881918963e-02
    1.7942867472340804e+00 8.8884619243886362e+01
    -1.6718933474484066e+02 7.4079322825879115e+02
    3.1942267094327004e-01 -5.2907731280844028e-01
    1.5284597213560234e+00 1.0425483083166401e+02
    -1.5651525760680718e+02 6.9843781386318756e+02
    -3.2040774978522307e-01 2.1567105129736405e-01
    1.3366051292093259e+00 1.6122576411769779e+02
    -1.5534310277787125e+02 6.5646471827619803e+02
    -8.2427560178042883e-02 2.2410258169087363e-01
    1.6456612800927284e+00 1.6254877373801884e+02
    -1.6311370360244956e+02 6.1298831927145420e+02
    -3.8597085018077443e-01 -6.5395610272749150e-02
    1.3172253278595281e+00 1.8786074634811058e+01
    -1.4220910155177640e+02 5.5665117205413276e+02
    1.8330504028307021e-01 -4.1876044270743296e-01
    1.7454417959250743e+00 8.0095530302789456e+01
    -1.3432032187550396e+02 5.2314624808926862e+02</data></extrinsic_parameters>
<image_points type_id="opencv-matrix">
  <rows>10</rows>
  <cols>44</cols>
  <dt>"2f"</dt>
  <data>
    4.58930725e+02 1.24862030e+02 4.60618591e+02 1.57744873e+02
    4.61735077e+02 1.90786346e+02 4.62845337e+02 2.23775070e+02
    4.43981445e+02 1.41701492e+02 4.45324585e+02 1.74638763e+02
    4.46494354e+02 2.07540939e+02 4.47625854e+02 2.40631226e+02
    4.26953857e+02 1.25614319e+02 4.28723267e+02 1.58425797e+02
    4.29727844e+02 1.91531906e+02 4.30970917e+02 2.24880524e+02
    4.11631195e+02 1.42423889e+02 4.13064484e+02 1.75380478e+02
    4.14014252e+02 2.08481155e+02 4.15287323e+02 2.41841919e+02
    3.94830200e+02 1.26241325e+02 3.95978851e+02 1.59236069e+02
    3.97407990e+02 1.92278030e+02 3.98493103e+02 2.25956802e+02
    3.78892334e+02 1.43213226e+02 3.80229553e+02 1.76520386e+02
    3.81357056e+02 2.09423157e+02 3.82541840e+02 2.42957642e+02
    3.61853729e+02 1.27081558e+02 3.63113953e+02 1.60185684e+02
    3.64476013e+02 1.93586700e+02 3.65575195e+02 2.27023315e+02
    3.46178528e+02 1.44077042e+02 3.47241089e+02 1.77507874e+02
    3.48442169e+02 2.10775970e+02 3.49663879e+02 2.44239746e+02
    3.28815948e+02 1.28186234e+02 3.29984985e+02 1.61373459e+02
    3.31434509e+02 1.94707886e+02 3.32547211e+02 2.28113922e+02
    3.12852600e+02 1.45489334e+02 3.13811646e+02 1.78754883e+02
    3.15403137e+02 2.12043762e+02 3.16584991e+02 2.45280518e+02
    2.95774170e+02 1.29524887e+02 2.97218628e+02 1.62831970e+02
    2.98277832e+02 1.96224686e+02 2.99636719e+02 2.29366119e+02
    4.97834137e+02 1.71037781e+02 4.91918915e+02 2.04104050e+02
    4.85423828e+02 2.36229340e+02 4.79017609e+02 2.67307648e+02
    4.78695953e+02 1.84833527e+02 4.72575378e+02 2.17779404e+02
    4.66264709e+02 2.49402969e+02 4.60007874e+02 2.80147736e+02
    4.64675385e+02 1.65670670e+02 4.58921722e+02 1.98804932e+02
    4.52961792e+02 2.30889786e+02 4.46822632e+02 2.62481506e+02
    4.45209656e+02 1.79565140e+02 4.39514191e+02 2.12332611e+02
    4.33618378e+02 2.43983719e+02 4.27706848e+02 2.75105103e+02
    4.31077209e+02 1.60246628e+02 4.25427246e+02 1.93269867e+02
    4.20099213e+02 2.25768082e+02 4.14362183e+02 2.57655518e+02
    4.11229340e+02 1.74204727e+02 4.05842834e+02 2.06992188e+02
    4.00203278e+02 2.38883026e+02 3.94975311e+02 2.70153900e+02
    3.96693542e+02 1.54943054e+02 3.91613983e+02 1.87981537e+02
    3.86410156e+02 2.20836884e+02 3.81036377e+02 2.52032990e+02
    3.77160919e+02 1.68824631e+02 3.72058838e+02 2.01990799e+02
    3.67295563e+02 2.33967697e+02 3.61906891e+02 2.65196228e+02
    3.62317810e+02 1.49773911e+02 3.57576660e+02 1.82923782e+02
    3.52819336e+02 2.15419189e+02 3.48044434e+02 2.47072525e+02
    3.42668335e+02 1.64033157e+02 3.38188873e+02 1.96897964e+02
    3.33723236e+02 2.28812866e+02 3.29083954e+02 2.59911133e+02
    3.27841003e+02 1.44777481e+02 3.23463165e+02 1.78053268e+02
    3.19039032e+02 2.10490646e+02 3.14851685e+02 2.42264862e+02
    4.02857422e+02 9.71001663e+01 4.09041077e+02 1.34711197e+02
    4.15081421e+02 1.71764282e+02 4.21458923e+02 2.08083038e+02
    3.89579437e+02 1.19796608e+02 3.95865051e+02 1.57682098e+02
    4.02356812e+02 1.94851303e+02 4.09119415e+02 2.31046356e+02
    3.69472534e+02 1.05068924e+02 3.75886597e+02 1.43483231e+02
    3.82393707e+02 1.81252060e+02 3.89503082e+02 2.18582199e+02
    3.55313873e+02 1.28581985e+02 3.62317261e+02 1.67214813e+02
    3.69101501e+02 2.05106598e+02 3.76633575e+02 2.42234100e+02
    3.34100372e+02 1.13380898e+02 3.41163940e+02 1.52732925e+02
    3.48374939e+02 1.91387222e+02 3.55979401e+02 2.29576187e+02
    3.19416473e+02 1.37847504e+02 3.26920776e+02 1.77428375e+02
    3.34442932e+02 2.16028748e+02 3.42428192e+02 2.54085800e+02
    2.97065125e+02 1.22489464e+02 3.04565887e+02 1.62798264e+02
    3.12547943e+02 2.02484375e+02 3.20573883e+02 2.41240036e+02
    2.81837006e+02 1.47632202e+02 2.90030212e+02 1.88360062e+02
    2.98173737e+02 2.27624435e+02 3.06652435e+02 2.66339417e+02
    2.58208069e+02 1.32313263e+02 2.66587616e+02 1.73577255e+02
    2.75170807e+02 2.13934006e+02 2.83874176e+02 2.53334183e+02
    2.42601166e+02 1.58555023e+02 2.51407272e+02 1.99762421e+02
    2.60639893e+02 2.39929886e+02 2.69665588e+02 2.79041168e+02
    2.17984665e+02 1.42939987e+02 2.27318634e+02 1.85225571e+02
    2.36447845e+02 2.26390060e+02 2.46120468e+02 2.66220825e+02
    3.60107788e+02 7.71387787e+01 3.68961945e+02 1.14515381e+02
    3.76764008e+02 1.53939346e+02 3.84859833e+02 1.94782928e+02
    3.44104919e+02 9.89803467e+01 3.51957825e+02 1.37431320e+02
    3.59489380e+02 1.77625504e+02 3.67137604e+02 2.19389053e+02
    3.19320068e+02 8.42138748e+01 3.26918152e+02 1.21471825e+02
    3.34041504e+02 1.60830978e+02 3.41498474e+02 2.01990097e+02
    3.02433685e+02 1.06041168e+02 3.09395050e+02 1.44358826e+02
    3.16142059e+02 1.84683411e+02 3.23274261e+02 2.26692825e+02
    2.78758667e+02 9.09997406e+01 2.84804718e+02 1.28495316e+02
